complex_filename,y_train,logreg_pred,rf_pred,svc_pred,symbolic_pred
1jh4_PSMLSSSGSNVESYLPYKFAYV,0,0,0,0,0
5zgg_LNASGRVIYAVTDRLSVFAYITTVCVWGPINAKL,0,0,0,0,0
6k5r_AGIEDCDIVT,0,1,0,1,1
2mkr_SDLTIDWDTFEEY,0,0,0,0,1
3v3v_TLLTNRFPKP,0,1,0,0,0
4pp5_KDLHQKRHLLI,0,0,0,0,0
4ofb_IKTDRYEDRT,0,0,0,0,0
4k0u_IFSRFDYRSQSVQDT,0,0,0,0,0
4x3e_SQARQAF,0,0,0,0,0
6co4_DIEEEPEFPPYQPD,0,0,0,0,0
5zys_VLLLGPRHEF,0,0,0,0,0
3kj2_ERPRQNDALWRRIIEEEIAYYG,0,0,0,0,0
3c3q_EEDEEKDWEKNASLMMDG,0,0,0,0,0
4gw8_PHRRKRRGS,0,1,0,1,1
3sri_LNTRQISQDIASPCGAPVKTGPFMC,0,0,0,0,0
3upv_TVPEDEV,0,0,0,0,0
4uu5_PAEIRMPNPLMLW,0,0,0,0,0
1q5l_NRLTLGL,0,0,0,0,0
5mwy_QKEQLSLLTL,0,0,0,0,0
5q0i_PASKALLLPKLL,0,0,0,0,0
4x8n_EIFERDDEE,0,0,0,0,0
1gi9_LKKCQFQGT,0,0,0,0,0
2w9r_NTKVALLSKLY,0,0,0,0,0
4lg6_RRPPKTLLTPHVP,0,0,0,0,0
4zsh_HILQLLKKDHR,0,0,0,0,0
2lo6_YPSTPPSSPYTS,0,0,0,0,0
6fbx_KRYSDEKKAAWDGGMQFQLLRQ,0,0,0,0,0
6k5t_GDEVITDACI,0,0,0,0,0
2w85_DFQEKSLEFQFS,0,1,0,1,1
2mpm_TTEDVGLLGFVTSD,0,0,0,0,0
1rgj_SDREDYLPFWYES,0,0,0,0,0
6erv_DAIATRNSTRRGFYATIG,0,0,0,0,0
4mnx_CDGCNLKWCRSRE,0,0,0,0,0
3iiy_SGRAAAA,0,0,0,0,0
6gvk_NGISSVLEISSLNHCLEFCGPTNL,0,1,0,0,0
6osw_ESAKLRLGSMNDSQLTVAAADFTNG,0,0,0,0,0
2ruk_QDEPFMDEEDLGDDLIWPPD,0,1,0,1,1
2l1b_GAPKQTAASTALAR,0,0,0,0,0
1t63_LYLLEDDLKKRDNA,0,0,0,0,0
5wrv_ELALNLKLPAFADFLPADFVAHP,0,0,0,0,0
2bdy_EIEDLFEPE,0,0,0,0,0
4mdr_EFKFYQT,0,1,0,1,1
4os5_CNGRLACEHGGLR,0,0,0,0,0
3v30_KSTDSVMPLLLPLGPG,0,1,0,1,1
2k00_RGVSYESIWGEKNYE,0,0,0,0,0
1azg_AGSSKRPTPPPPLV,0,0,0,0,0
5h5q_CLQGRCVRRDWRR,0,0,0,0,0
5q12_KLHYLLDLQRD,0,0,0,0,0
4zgm_ARFSTVGEFTVRISWYLLEKASGQDGGA,0,0,0,0,0
4u0c_FVFSGTSGP,0,0,0,0,0
4piq_KSRGCYRVRLK,0,0,0,0,0
1mv0_PSGLPSPTSPRLRL,0,0,0,0,0
3wdz_VDTEPGQKLE,0,0,0,0,0
1gbq_PPPRPRRVVP,0,1,0,1,1
3n00_DFITQQIRACHLTTHIARDLI,0,0,0,0,0
2rr4_KTQTSAARR,0,1,0,0,1
1eol_RPAEPDEIEYA,0,0,0,0,0
2cv3_FDKTLPWDDTS,0,0,0,0,0
4lnp_VPPREPPPPP,0,1,0,1,1
2gph_SVRANDMELGRRLQCL,0,0,0,0,0
4m8e_KRKLQLHDLHI,0,0,0,0,0
2pon_MENLSGGDDTMVLRGTLKFGSIR,0,1,0,1,1
1o9a_EKTLWESPVIEDSKTDFNDKSPEH,0,0,0,0,0
5h3j_RGTNNIILENLFTCCEHQCYA,0,0,0,0,0
5zjy_QKRRYSKLLF,0,0,0,0,0
2o9v_PPVVPPPPPS,0,0,0,0,0
4x8p_EFEIEEEDSERY,0,0,0,0,0
1ntv_NTFKYVRPDN,0,0,0,0,0
3uxg_NPSLLLSPIGYPTTLP,0,0,0,0,0
4abj_TCPCRKISF,0,1,0,1,1
5jeo_FLSELEENI,0,0,0,0,0
4m1l_WRREMIWTLIAKGKQVLLQSLDR,0,0,0,0,0
4yk6_LQAGEGPYMGE,0,1,0,1,1
5b75_RKAKGSTKALQATTTARRKQAPAG,0,0,0,0,1
4ysi_PGGPSGSE,0,1,0,1,1
3tg5_LKGHQKKS,0,1,0,1,1
5q0x_KLLYDRLHDLQKD,0,1,0,1,1
5m72_NKKLVFFFEDLHAPPLPLALD,0,0,0,0,0
2xxn_GSITWVSPGAEVSNM,0,0,0,0,0
6fo9_LLRIKLHHQ,0,0,0,0,0
2w84_WGQADEAGFALAELVLNADS,0,0,0,0,0
2kfg_NDSTPYFAEKTF,0,0,0,0,0
5l7h_LLKEQLTLQS,0,1,0,1,1
1oqp_HKWRRSKFLEKKLEDKILH,0,0,0,0,0
1gja_FLPGQCEKEPQTK,0,0,0,0,0
1j81_STAKDKERQAEMAFH,0,0,0,0,0
2a3i_TQESLQKLQLQL,0,0,0,0,0
5q11_QKRLLHDLDDYL,0,0,0,0,0
5iza_LEGAGWA,0,0,0,0,0
3fxv_KLDLHKLYDRDLQ,0,1,0,0,0
2khh_DFKGSSGFS,0,0,0,0,0
1d4t_KSAQKIVTYQL,0,1,0,0,1
4pas_SLELLLEKEEKKVEIEESQLASEREREKIRNQHER,0,1,0,1,1
2rnw_KKRAGATASQRGTT,0,0,0,0,0
1xh6_AIHRAFTRTYDASRGGTDNI,0,0,0,0,0
4z8a_ISPSRTKLGLPPTRP,0,0,0,0,0
4dj9_LNAIVAAKVLVITDKADLKVSG,0,0,0,0,0
2k3w_ELLPSIEPPVPE,0,0,0,0,0
2l1l_IGELSENNGAEGACLDAKLETKGNLLS,0,0,0,0,0
6e83_STARKQKATGTR,0,0,0,0,0
1haa_EDRSSEPYWPYYL,0,0,0,0,0
5q10_QHYLRKLLLD,0,1,0,1,1
4lsj_SLSRLWLEME,0,1,0,1,1
5tq1_VPDSESV,0,0,0,0,0
6maj_IVLSLFEEIIDIEMIHLRGP,0,0,0,0,0
3rz9_KAPGQLKKDETT,0,0,0,0,0
4f14_KPLKPPPPTPL,0,0,0,0,0
4pz5_YEEISEYIDDSTDE,0,0,0,0,0
6ilq_HLLRSKELHITLRQ,0,0,0,0,0
5wa1_TEDADQIWKTALD,0,0,0,0,0
1lcj_IYIPEEQEPL,0,1,0,1,1
5yip_SFTRHRAAPAWEIDEDSASEEEQ,0,0,0,0,0
5vko_SGNDSLYEFGVVGNMDLDELPDPALKSVV,0,0,0,0,0
2kwk_QAKAKSLARRPKRGQGTTTK,0,0,0,0,0
1ckb_RRPPPPPV,0,1,0,1,1
4fmq_ASSRSQLALRKSAQL,0,0,0,0,0
4zdu_EKRYQMTSEQGS,0,0,0,0,0
6tyz_RIPLKATEMRWL,0,0,0,0,0
5nwm_KPPWGIISEGPLLLTEFQLDTEDGGEPTLGQL,0,0,0,0,0
1ka7_LKRQKQSIYTVA,0,1,0,1,1
5hjb_QSTARKT,0,0,0,0,0
2kj4_YLSKLRAKEVHEGALETEEESKNRDALEELQR,0,0,0,0,0
1ta6_LEADAFEEIP,0,1,0,1,1
2y8o_KKIGPPNL,0,0,0,0,0
5l7g_QLLEQSTLKL,0,0,0,0,1
1q5w_HMTGTTCQSGPNAFEGSCLTCPQMMCWRHSA,0,0,0,0,0
3l81_QFEKYTF,0,1,0,0,1
5u4k_DSLYADIPSISDFASLPGSEQSGLMSGNLDFSG,0,0,0,0,0
3cs8_APKKPLLALLLS,0,1,0,1,1
6f55_PGNPIAKPLWPKVPT,0,0,0,0,0
1l2z_GPHPRPPVHSR,0,0,0,0,1
2m04_NERIMQAGRLARDEERQALEDAYQW,0,0,0,0,0
3m57_SKRSKDKY,0,1,0,1,1
2ltx_YRPSSMEPLDEPPPY,0,0,0,0,0
1rkc_SVSAEEYAVIKKHERVTAALQKLKSL,0,0,0,0,0
5q1g_QRLYLHLDL,0,0,0,0,0
4bxu_DLEFQNDSEQLAAEV,0,0,0,0,1
2lsr_LGRKYKLSVLEKEDLL,0,0,0,0,0
1q69_RPVVVKDRKPGRRNRCSCK,0,0,0,0,1
5iay_WSGGTKKKRASGKGPG,0,1,0,0,0
3uvk_SIPEAKTRCLG,0,1,0,0,0
2kqs_SDILPCVSITEQTAVDKDSE,0,0,0,0,0
1c5y_QTLCQKFGK,0,0,0,0,0
2c3i_RSHKGRRP,0,0,0,0,1
6ezi_TKTKLKEL,0,1,0,1,1
5h17_NQLRIEQEEWSRKTSNIQRKRSFLMIQ,0,0,0,1,1
4os1_CRGLGNCLEGARH,0,0,0,0,0
3ob1_TNEEPRNG,0,0,0,0,0
5i22_RTVRGPNARLPRPTSVR,0,0,0,0,0
3ui2_KKTPRKAGQAPRR,0,1,0,1,1
1u0i_EEKKIEIEEIAKAAEALAALL,0,0,0,0,0
5hfc_KYVNQSF,0,1,0,0,0
1qwe_RPRNRAPPLLPP,0,1,0,1,1
3o1d_QHKLKRLILH,0,1,0,1,1
6o21_PCGQCIRNFPF,0,0,0,0,0
5swf_KLDIEIP,0,0,0,0,0
6hm4_NMGTVPVP,0,0,0,0,0
1j80_AHRMAEKQTEKSDAF,0,0,0,0,0
4b4n_FVQPQGGGPLPPPLF,0,0,0,0,0
5tdw_TRQRAKTAST,0,0,0,0,0
1g3f_IPSEAKQVA,0,1,0,1,1
2qbw_DVPWPSQV,0,1,0,1,1
5tp6_KLVVRLKKEAMKVRPGRIAMLFRMHLPAC,0,0,0,0,0
2kvm_AAPARPTKAKRASQL,0,1,0,1,1
1t7r_ASGFSEFLRS,0,1,0,1,1
5wuk_SFRKKMILEWSRIQVRQNQITEEQPNLR,0,1,0,0,1
4csj_DNLYLKDALLRDE,0,1,0,1,1
2n2h_NKLLTMSLDDYIARQTNLSLKQEENLA,0,0,0,0,0
3dct_DQLRDYLLLKH,0,0,0,0,0
6h9n_MALNETFQRTESLERPGEARELRY,0,0,0,0,0
6iua_RDRKRKEKLERTSIGSGESPKA,0,0,0,0,0
2ktf_EGMRTKWFVLAAQKEHQLIPFYPVLEPEDDGS,0,0,0,0,0
2mre_SGSRVNCNKLSHQDEKITCLHGSVEDCVVIRPP,0,0,0,0,0
1gj7_KQLQLFCGTK,0,1,0,0,0
3kv4_ARSTKATGTGRQ,0,0,0,0,0
2mwp_SFRLHMTKSKT,0,0,0,0,0
1svg_TYIRSHFTRDIRGAAAGNTD,0,0,0,0,0
4gxl_PGNAYGYSLPN,0,0,0,0,0
2a0t_DPLSDIYNE,0,0,0,0,0
4abi_CGIKRTCIFS,0,1,0,0,0
2lxm_TYESEGDLAAELSEALASDPLALDEGDLDDLDEDAE,0,0,0,0,0
3o40_EIELAAEWIKIARDLTQAAWQAARNYQA,0,0,0,0,0
1zgi_PDLEEFIEE,0,0,0,0,1
3dvm_AMYYYKAMSQRAIIKKMMEGHK,0,0,0,0,0
6e3i_RQRHVVDLQAAIGGERGYTAL,0,0,0,0,0
2l11_KGSTAARTRAGTQK,0,0,0,0,0
5q0t_DQLHLRLKYDL,0,0,0,0,0
2yq6_YLADYNIGQIERAAWF,0,0,0,0,0
1pdq_RTASAKAL,0,1,0,1,1
6bhe_GSARRTGKPA,0,0,0,0,0
2l2l_FRKVGRKLVAIQSLISVREKQITLADEKDQEEEAMD,0,0,0,0,0
1xh8_HARGFIGDRTARAYSTINDT,0,0,0,0,0
2ndf_KKPGAQALRTGA,0,0,0,0,0
4jiz_RYVYAHV,0,0,0,0,0
5ua4_PRIMDESLLRYGQDIDGRRRLHVIVEAAAISG,0,0,0,0,0
2ke1_RSQKTATKRA,0,0,0,0,1
3h8k_LQREVRLRNAREMQQDKAKWDRKLSQLF,0,0,0,0,0
3ch5_PDPPAEAAFVCCEVDFGCDCKTKTQPKGWKLITGKNV,0,0,0,0,0
5epp_RRMRDRHELSFESQP,0,0,0,0,0
1pjm_RSGASECLKKPNKGPRGLPK,0,1,0,0,0
2k42_PHPLPGADAQHAMNLMMWPVQELHIRERNAIAPQHG,0,0,0,0,0
1yvh_VSNFRQEA,0,0,0,0,0
3tz1_KAAKLKKKEISGQMPLLDKANMLE,0,0,0,0,0
4uj9_FATRHITISRDRNDTAAGGY,0,0,0,0,0
4k75_LRDRWTQ,0,0,0,0,0
6qto_FPERVIRE,0,0,0,0,0
2llo_RWMILKKSLPNRANPKSAS,0,0,0,0,0
6uyy_DIVILAEERE,0,0,0,0,0
2o9v_AVGELERAISLVEQNNQSYVDTE,0,0,0,0,0
1q8t_AFGVSLQDEIELNVRVYLFHKEELILEGRAQARSA,0,0,0,0,0
2cv3_RAFEFAELSEKTKDATATLVSVEPGIKTVPGGP,0,0,0,0,0
5q10_LQSEIAAGILEFTSAIRCVNIKFLAELREAAGRLFS,0,0,0,0,0
2lpb_QFIADMATIILSE,0,0,0,0,1
2kqs_PRLDDSRIVDVVLNEGEQVNPALYEDKFFE,0,0,0,0,0
5svx_DNTIMCPPEGDVKVESPFVGRMPLDIEHKPDGQDS,0,0,0,0,0
2ktf_RFLRCAIELEEPAYTMLWDACSA,0,0,0,0,0
1ukh_FNAVQTTSNSP,0,0,0,0,0
3ch5_VYLTLKRPRSSFAEQGRVLEGHLLYIVTDYRSGTTSSEAGN,0,0,0,0,0
4k75_KTLAYFMDKGKRKVAVGTSLPTGEMSPS,0,0,0,0,0
5c3f_IPKMAVTSSVLDKPPLAGYLLQGWMSIKQFHHKV,0,0,0,0,0
2lsr_VDKDELGNNGPWRGRAKLNCASVRDTYGAAL,0,0,0,0,0
5h9b_TELTHAALVFA,0,0,0,0,0
2mwp_FGLRVMQLRVNKCFSMKWAEQVGPMDCQGCA,0,0,0,0,0
1oxg_PFCYRVTFVFDH,0,0,0,0,0
3h8k_VDDENGYKGVADLKAGKFKERHRVIEPI,0,1,0,1,0
1o9a_FYFNLKGPVYIRVTRYTLLGAESAEGLYEEPIDINNIGYGLK,0,0,0,0,0
1rgj_TKEAEEPKT,0,0,0,0,0
4ysi_EIPKKETIVKRMEMANTDSQKFLEDAEKVTPSMQYMLRHITLG,0,0,0,0,0
4zgm_MLWNSSRGNQQLGVRVDSENTEKLIIPRMWANFHGR,0,1,0,1,1
2l11_EAAAPESHILFQRLEHKIKLP,0,0,0,0,0
1azg_DKKNASIA,0,0,0,0,0
2lsp_EAGCSESAECCADLEGGTYIERVAEEENSRKRAYDSL,0,0,0,0,0
4js0_QDAASRIKHASAPWHLIGTWE,0,0,0,0,0
1nlt_IRIPQIVFTGPARDGTEKFLGLERVRATEKEGQE,0,0,0,0,0
6bhi_HQPDFCKPDARKT,0,0,0,0,0
2n2h_GGFKEGDV,0,0,0,0,0
3al3_ACVNRLTIVM,0,0,0,0,0
2kwu_AKGTQVKSRDPASAKGKFERALLPLGGAEV,0,0,0,0,0
5q0i_KFRGIGRGPAAGVMMGLAKYKTFRYALNAGEILARLEPKTF,0,0,0,0,0
5ajo_GVPLNNATLF,0,0,0,0,0
6ezi_ESASHLRERVSIDVENLV,0,0,0,0,0
4a1u_VDVKKLDNDDSEAVTYVNGPFNSD,0,1,0,1,1
1gbq_LHARAKELYQGPDAENYSKTSDWLSWER,0,0,0,0,0
5w89_NRESCARTKQLLKCT,0,0,0,0,0
4f14_EPTDRWELGRLLDISLRLFSKNFMAGEMDLYSYV,0,0,0,0,0
1d4t_ANLLKAVANALVMSALIIAMIPINKNTKNVLAKQSSVIIPR,0,0,0,0,0
4dzv_TIKWGVGLFVCPLQSLKEIKGDVLPGGGGLL,0,0,0,0,0
3obu_KEWELRYNDLPKDAPVSIYGLIISLEQALDNKMPIWVSKEVQDH,0,0,0,0,0
2n01_SDQLETISLSESQLDIEQVNSVAFQAGVA,0,0,0,0,0
6gvk_NSPGATAFVHCFSLVAIFTDSLGRTNEETMSQ,0,0,0,0,0
6k5t_WTLKLAPIKIINQNDVNQLKNSSCEVSFAGLDILES,0,0,0,0,0
4zsh_RKILNPTDRAKKLDGLIVRFGHFFVRRFLQARWDEDGAL,0,0,0,0,0
2n1g_NVTTGPN,0,0,0,0,0
2xs0_VARKSQCSAGILPGKLLKQRRDITFSEGGD,0,0,0,0,0
5kxh_DDAWDDQRKARKEFLQKRLH,0,0,0,0,0
6e9l_AMNVNGRVILAPDWDDAILASILHGLNDTVGQK,0,0,0,0,0
5ly3_TAVMKQQVESGNALVGGELHTILNVQAMLGGSDSKGIQPLEL,0,0,0,0,0
3m59_FHQDMASADGIGEVKAHTE,0,0,0,0,0
6hgi_KNTHNALLFTAPDTSLFEISIGISENFSRCN,0,0,0,0,0
3fxv_LEVSVQVHEAAFIDKQLGSSIEGSEDRIITDGSSGI,0,0,0,0,0
3dct_EGGLLKPSFVA,0,0,0,0,0
5m9d_YVCREWVTR,0,0,0,0,0
5l7g_SCDIQAKLHVL,0,0,0,0,0
2ruk_IDNEVEVIDTIFVARF,0,0,0,0,0
2f31_NAKALVLGKIL,0,0,0,0,0
1lb6_QVNHVGKGQVGWDDAKGTIVD,0,0,0,0,0
1oqp_IFQEEAESWLIATAVIEYALLDHKPA,0,0,0,0,0
5yip_EVQQYAFPSVVASKKRKVYHAGSFIAHIYKELA,0,0,0,0,0
1ckb_LEQRLLGIGKWNGNKPVQVALAWLMSNATERILAQAGWVKNYLN,0,0,0,0,0
2rnw_GEAASQLEVQHTTDSIIRAPIHPPNKR,0,0,0,0,0
2xhs_PIEWRVETLSVEVGGELNLLPSHEQDAEQVLELN,0,0,0,0,0
3ul1_ISWVSEFHQTAWIKKWKKALNPLMARFAAAVPEEESKDNRKPQA,0,0,0,0,0
3wdz_RNVLAQIFPVELLGNV,0,0,0,0,0
1q69_QAVNVVSKLTEIKGHELTDVFS,0,0,0,0,0
4k4j_NNAPMITSLTDRQALVARI,0,0,0,0,0
4x8n_SGVILLEAWSNSKG,0,0,0,0,0
5wuk_VVQIEQAKIAQYCNIVCMPCPGK,0,0,0,0,0
4jiz_PNPPKPTKRIAGGAERSVAVLEAISF,0,0,0,0,0
6fbx_VTLSLLRRLQAFALL,0,0,0,0,0
5h3j_ELANASPPFMIKAK,0,0,0,0,0
1v18_VGVYDARARMAETASQ,0,0,0,0,0
3pkn_KYVLIQVNLQQGVALANHLQEREVVELYASV,0,0,0,0,0
3zwz_KLRSEDALMALDKNFGV,0,0,0,0,0
3m53_ELMGFEELAAGVFRTPKSGDLLLLVYTSVRQITIPNQP,0,0,0,0,0
5tp6_QVEIDKQ,0,0,0,0,0
3c3q_DLLLRTQRTVTSKLRGG,0,0,0,0,0
6hgg_ALGLRHNVLFERVE,0,0,0,0,0
2xn7_RDTKQSTTYQPIT,0,0,0,0,0
5om2_EYDGHHKVC,0,0,0,0,0
2l2l_AASGRLPDKRALLKPVLESQHAAVSFGNNQLFKQVPLKGQGP,0,0,0,0,0
1haa_RPDGIPRG,0,0,0,0,0
1irs_QAARLYITHFPNGKAGLVISHSLTGKKGNRATCDPEI,0,0,0,0,0
5q0r_RKGGMALPSNWKTILY,0,0,0,0,0
1gjb_DWKNHKRTSIVGVM,0,0,0,0,0
2kwo_NLESHQKF,0,0,0,0,0
1svh_HEAIGQFPCATAVKECACRKNLL,0,0,0,0,0
6hy7_PPTPYEIAACRQNAYAPNYWKMAVTW,0,0,0,0,0
4o36_LVTLASLRR,0,1,0,0,1
2koh_GTGSHGIEPIDWGLYKRVKENS,0,0,0,0,0
5q1i_PFVDMKYNPLQIELTLKLADIEDIEQIRYTFRSSPRKSLKI,0,0,0,0,0
2a3i_VGIGMMFQER,0,1,0,1,1
3dvm_NAEYRKIVRDAHQTKKLRHVSWSRD,0,0,0,0,0
1j4q_VGAHALEI,0,0,0,0,0
5inb_LRPGQGIECGASNAKSSID,0,0,0,0,0
1jsp_AVLKIRPPEETATQLVMGFEQVPKGA,0,0,0,0,0
5glh_LEPRAPIF,0,1,0,1,1
5b76_FEMGPIGVQR,0,0,0,0,0
6qts_SHSIVIISSLDIVPSAIKSATLDEQLAN,0,0,0,0,0
3uxg_TNIAALLTLVARADLKAVTEANRRLCGVMVNGLAAM,0,0,0,0,0
5nwm_MLTTASIVIVPQLVTRF,0,0,0,0,0
2k00_VHYEADGDAYTPNRAFYHRLEGKFRAVDADAGSEH,0,1,0,1,1
5lz6_GANFKADDMARSNKCR,0,0,0,0,0
2jqi_ENQAFIRNRKRPAQTFASITLMVDKIAARKLLAIYGK,0,0,0,0,0
2lgf_KAKLLGADVGIAAFLLCPNDIEQKKSGA,0,0,0,0,0
5epp_KALTTIIAMSCGTTCLDRYS,0,0,0,0,0
2wh6_ASCLTKLEEMVKLPIALVNFDLRIPEMSYCGN,0,0,0,0,0
3tz1_ELKYLIAALHTNAICAFRKQN,0,0,0,0,0
4fhi_EEASIEISRTWVGDGENKITAK,0,0,0,0,0
6osw_ALVNASQSFVGKIKIDL,0,0,0,0,0
2khh_VDVVFVLQHLAKVDS,0,0,0,0,0
4x3e_YPPFDDFDHSSISTKDQERQDI,0,0,0,0,0
5zjz_ILQVTFARINVNIGKR,0,0,0,0,0
2rol_SVLIGNLQYLLGAAGRK,0,0,0,0,0
1t63_EGISDLLAKNAVVSERMHRIAYQMELLDVSVWLY,0,0,0,0,0
4h39_DEFRSFPR,0,0,0,0,0
2w85_KEYLRIPSIWQGWWMTRTENCGQERELHEPWPEP,0,0,0,0,0
4u2w_NVDITAKQTQFMDAGESSIKKSHQQLIHRFDDGDLGILDN,0,0,0,0,0
6bnh_LLPLRTEVRVRDAFTHYLKTEGYWVWR,0,0,0,0,0
3uvo_GFLVAILYALTCTAPVKHAYIAFIRDALKISTKAFGLKEYRMAY,0,0,0,0,0
6maj_TSGEILCSIERCVENIEAELLGIVGQCIPDFAGSELDPATDTEFE,0,0,0,0,0
6erv_TTVTAGSGLKGYIIVINLSSSFQTWDRVT,0,0,0,0,0
5ybe_SIGQKFTEPLTLLLPVA,0,0,0,0,0
4lsj_HSRLAEGGFGICGDALMKIGTLIA,0,0,0,0,0
1pdq_VAFVCNRERFALVS,0,0,0,0,0
2mnu_TLHPITWGQLYDKKPRFYDCV,0,0,0,0,0
2ltw_PARANAVENCVLGTGEDGEMELADGVGMQRAENNPALGILE,0,0,0,0,0
5o45_ELPGKFFATIQCITGPRIVPDICGSPDYL,0,0,0,0,0
6h9n_DLFRLQVISLAKVLSTDDKGTWECSQSGM,0,0,0,0,0
1jgn_LALYGENNHLAVPLSAIKSSQV,0,0,0,0,0
2g6q_KQNSVLNQAYRLQLKSDA,0,0,0,0,0
1yvh_DSLPFDLT,0,0,0,0,0
1g37_IRFPLPI,0,0,0,0,0
5zgg_ILSNSFLFGNML,0,0,0,0,0
1q5l_PFDEIEPENGVDKHAIFLTERVGLSEFRENSDFVLLIEILVVT,0,0,0,0,0
3o40_RFKTPSQNPSVGGSEYTHPPRYISEWGAYREVVLKIEEMPS,0,0,0,0,0
4uja_KGQDKGDFLTRSM,0,0,0,0,0
4abi_KELERDDHKQALKVLILYSECQIPIAFSEMHTTLFTIEPDG,0,0,0,0,0
3cs8_NFLKDDAELTMHVFYLQAPRELLL,0,0,0,0,0
5q0t_RLPPKNSFRINEAGLKMSDRTNVTIVREKEYALLKQGT,0,0,0,0,0
4lg6_RPKLANKD,0,0,0,0,0
2w9r_SKRNHGPLGNDLGLNMTQIVELRKRVFSFLITV,0,0,0,0,0
2k3w_HKIGVTKLKDG,0,0,0,0,0
6k5r_RGVTSQNMY,0,1,0,0,0
2gph_QKLSRPLVE,0,0,0,0,0
4i80_DAKWCYAVERIQQESLEKFQGRDM,0,0,0,0,0
2kxh_TIIGVFRTIALG,0,0,0,0,0
5i22_PATHELRPLDDDALTAALSEELQAPKLPMDERR,0,0,0,0,0
2ndf_TQRREKSWKADRGIAEDKIIHVDL,0,0,0,0,0
2ltx_AGPGELTAGNFRMQDVAHAIIE,0,0,0,0,0
6qto_ACVSVIRLITRINEPIGG,0,0,0,0,0
3iiy_QEKVLAAVERLKKQAVQMFKEQLTVR,0,0,0,0,0
4bxu_NLSPNNQGGMAAGFDKQTWEDGCMSMSGNPGM,0,0,0,0,0
1gi9_IERNAIV,0,0,0,0,0
2mpm_ARAATFI,0,0,0,0,0
1n7t_YGSRVPVMGVQEFPYDSPAGQEVKFVG,0,0,0,0,0
5jw9_HNTENAKKEAGEMKGDVIFNIAIVGAAGNA,0,0,0,0,0
1q8u_VTLLACIKLPQLRGPFV,0,0,0,0,0
4m8h_HVINGVETTERFESHISGHGGLSGLMQQVFL,0,0,0,0,0
4fmq_VEDSKILFDVVKDMAAQITPPHEGVA,0,0,0,0,0
4dzu_KGIGAENRVLPEGCRDSMLIYAQESVCTSDGGVDSEPGLS,0,0,0,0,0
2qna_TEVVQAFIRFATNRNVFSGECILKQVNVAIEILHGPMSQKLGIEN,0,0,0,0,0
2w84_LADVYSAEKQYKAYVALEGDLVIRKETHDDPQPDEI,0,0,0,0,0
1qwf_AAGEDQSYGYEIDKVLGKRTIILKAMCFSSLLNSQIQRK,0,0,0,0,0
5u4k_QEPECNSRIIFKSAEQNE,0,0,0,0,0
2a0t_EMAFEAKCGANERYAIREYNVDPL,0,0,0,0,0
3oiq_KTKHSYRLQAMTNSTYQYELAA,0,0,0,0,0
3ktr_LLQPDEHLCRKELNILAERAVESQMPLIG,0,0,0,0,0
6i41_CRGEECAAVHGMDVSRGTVIKN,0,0,0,0,0
4b4n_PVLFPGQPFGQPPLG,1,1,1,1,1
2o9v_VPPPVPPPPS,1,1,1,1,1
2n9x_DYESDDDSYEVLDLTEY,1,1,1,1,1
1eol_RDYEPIPEEAA,1,1,1,1,1
2kgi_ARTQTARK,1,1,1,1,1
5ajo_AGTTPSPVPTTSTTSAA,1,0,1,0,0
1z71_DFEEIPEELA,1,1,1,1,1
4ysi_SPGEGPSG,1,1,1,1,1
4n7z_DDDIDDEMFYDDHLEAYFEQLAIPGMIYE,1,1,1,1,1
4yl8_EFRNKRATRGTYSPSAQEYNVLKPPPEERLI,1,1,1,1,1
6hy7_GCCSDPRCRYRC,1,0,1,0,0
2ncz_EIKLKITKTIQN,1,1,1,1,1
1q69_RNRRRVCKCPRPVVKSGDK,1,0,1,0,1
6gev_KSLLQQLLTE,1,1,1,1,1
4m8e_KHKILHRLLQD,1,1,1,1,1
1q8t_TTYADFIASGRTGRRNAIHD,1,1,1,1,1
4ezq_PPRPIYN,1,1,1,1,1
2l1b_QLATKAARSAPATG,1,1,1,1,1
2l1r_RRVRISADAMMQALLGARAK,1,1,1,1,1
2jo9_EEPPPPYED,1,1,1,1,1
4gly_CCLGRGCENHRCL,1,1,1,1,1
4v11_SDAEGHDED,1,0,1,0,0
4ln2_LAPPKPPLPE,1,1,1,1,1
2mnu_SSSPIQGSWTWENGKWTWKGIIRLEQ,1,1,1,1,1
2kwo_GRGKGGKGLGKGGAKRHRK,1,0,1,0,0
5l7e_KSLLQQLLTE,1,1,1,1,1
6qtw_EDQMVPS,1,1,1,1,1
5b77_ARTKQTARKSTGGAPRKQLATKAA,1,1,1,1,1
4pz5_SISYTDEIEEEDYD,1,1,1,1,1
1ckb_PPPVPPRR,1,1,1,1,1
6iu7_SGKRKLITSEEERSPAKRGRKS,1,1,1,1,1
4nm3_VEPQKFAEELIHRLEAVQR,1,1,1,1,1
2y8o_NPGLKIPK,1,1,1,1,0
2m5b_EDIIRNIARHLAVGDDRSI,1,1,1,1,1
4m8h_KHKILHRLLQD,1,1,1,1,1
2lsk_QSTGTEPFFKQKSLLL,1,1,1,1,1
2vda_MMITLRKRRKLPLAVAVAAGVMSAQAMA,1,0,1,0,0
4gq6_SARWRFPARPGT,1,1,1,1,1
6k5r_DTAGCIVIDE,1,1,1,1,1
4u0c_SPSGVFTFG,1,0,1,0,0
3al3_SIYFPELYD,1,0,1,1,1
1gi7_LKFQCGQKT,1,1,1,1,1
4mzf_ARTQTAK,1,0,1,0,0
2kbs_TPLEITEL,1,1,1,1,1
3eqs_TSFAEYWNLLS,1,1,1,1,1
1ej4_RIIYDRKFLMECRN,1,1,1,1,1
2ao6_GNAALRYLLGA,1,1,1,1,1
1ydi_VGWEQLLTTIARTINEVENQILTR,1,1,1,1,1
1q68_SHPEDDWLENIDVCENCHYPIVPLDGKGT,1,1,1,1,0
4fi9_FYPMLRYTNGPPPT,1,1,1,1,1
4uj2_TTYADFIASGRTGRRNAIHD,1,1,1,1,1
1doj_DFEEIPEELQ,1,1,1,1,1
1x8s_HREMAVDCP,1,1,1,1,1
3v31_LPLYTSPSLPNITLGLP,1,1,1,1,1
4abj_RCTKSPICF,1,1,1,1,1
2l8j_GAMGSASSEDYIIILPES,1,0,1,0,1
5gs4_RILRLLQ,1,1,1,1,1
2ruk_DDLMLPDDIEQWFEDPGPDE,1,0,1,0,0
2voi_SQEEIIHNIARHLAQIGDEMDHNI,1,1,1,1,1
2mfq_GPDAVIIGMTKIPVIENPQFGI,1,1,1,1,1
4h3q_RRKPVLPALTIN,1,1,1,1,1
2qxv_TMFSSNRQKILERTETLNQEWKQRRIQPV,1,1,1,1,1
1mv0_LLPTPPLSPSRRSG,1,1,1,1,1
3kj2_RPEIWIAQELRRIGDEENAYYR,1,1,1,1,1
2lsr_GSLLKEVLEDYLRLKK,1,1,1,1,1
1xh6_TTYADFIASGRTGRRNAIHD,1,1,1,1,1
5n70_AFRIPLTR,1,1,1,1,1
4x8n_EREEFDIED,1,0,1,0,0
3gbq_VPPPVPPRRR,1,1,1,1,1
4k75_RWQDTRL,1,1,1,1,1
4yk6_YQGGGEEMALP,1,1,1,1,1
2kwj_ARTKQTARKSTGGAPRKQL,1,1,1,1,1
2roz_DAAVTPEERHLSKMQQNGYENPTYKFFEQMQN,1,1,1,1,1
2kbr_DDDRYLREAIQEYDNIAK,1,1,1,1,1
6aaf_LQFEIDDEMEPLYNQAKQMRYG,1,1,1,1,1
1yy6_DPGEGPST,1,1,1,1,1
2jqk_DEEIERQLKALGVD,1,1,1,1,1
5ky9_ECISNPCQNGGTCLDQFQCICMPGYEGVYCEINT,1,0,1,0,1
6fdt_SGPTIEEVD,1,1,1,1,1
2xtt_QECEPGQTKKQDCNTCRCGSDGVWACTRMGCPPHA,1,1,1,1,1
3iiy_ARSAGAA,1,0,1,0,0
5tdw_ARTQTARKST,1,1,1,1,1
1q0w_YPEDEEELIRKAIELSLKESRNSA,1,1,1,1,1
2l75_ARTKQTARST,1,1,1,1,1
3pcu_HKILHRLLQD,1,1,1,1,1
2lsp_RTYETFSIMKKS,1,0,1,0,0
6osw_AQAGAANRSLTEGFVLDTMNDSLSK,1,1,1,1,1
1g1e_RMNIQMLLEAADYLER,1,1,1,1,1
5hf1_NYKQFSV,1,1,1,1,1
2m3m_RTRQRNETQV,1,1,1,1,1
1mfg_EYLGLDVPV,1,1,1,1,1
3uvm_GAARAEVYLR,1,1,1,1,1
1om2_GPRLSRLLSYA,1,1,1,0,0
2n8t_APLPMPPGYKLV,1,1,1,1,1
2l0i_PSYPTSPS,1,1,1,0,0
5tzp_ISSAIQVGHQLALIGDEFNRAY,1,1,1,1,1
5tp6_AGHMRPKRREIPLKVLVKAVLFACMLMRK,1,1,1,1,1
1p4u_DFGPLVGA,1,1,1,1,1
4lsj_SSRLWELLME,1,1,1,1,1
3u9q_SLLKKLLLA,1,1,1,1,1
1xh9_TTYADFIASGRTGRRNAIHD,1,1,1,1,1
2ktf_GHMFPSDIDPQVFYELPEAVQKELLAEWKRTG,1,1,1,1,1
1j81_KETAAAKFERQHMDS,1,1,1,1,1
2ke1_ARTKQTARKS,1,1,1,1,1
6bnh_KWTLERLKRKYRN,1,0,1,0,0
1gbq_VPPPVPPRRR,1,1,1,1,1
4gvc_TKQEEFA,1,1,1,1,1
3kj1_RPEIWAAQELRRIGDEFNAYYR,1,1,1,1,1
3v2x_LLPTLPKLPSL,1,0,1,0,0
3uvo_CARSEGFYT,1,1,1,1,1
1l0a_SVPIQCTDKTDKQEALFK,1,0,1,0,0
6ezi_LETKKTKL,1,1,1,1,1
4n7g_QGLLDALDLAS,1,1,1,1,1
2n3k_TWRVQRSQNPLKIRLTR,1,1,1,1,1
6g04_SGSQHMRPRFNRENKVSPADAAKKAL,1,1,1,1,1
2a7u_MQLNSTEISELIKQRIAQFNVV,1,0,1,0,0
4fmq_LSSLAASSLAKRRQQ,1,1,1,1,1
1irs_LVIAGNPARS,1,1,1,1,1
4zdu_SQGTKRSYEQME,1,1,1,1,1
3b1m_PSLLKKLLLAP,1,1,1,1,1
3rz9_DGPTAKKLKTEQ,1,1,1,1,1
5l7g_KSLLQQLLTE,1,1,1,1,1
5svy_ARTQTARKST,1,1,1,1,1
6fbx_LWAAKKYGQQLRRMSDEFDKGQ,1,1,1,1,1
4r1e_GSLLRVQAHIRKKMV,1,1,1,1,1
2mv7_TNKLPVSIPLASVVLPSRAERARST,1,1,1,1,1
4os5_GALGRGCENHRCL,1,1,1,1,1
2n8j_TRKKTFKEVANAVKISASLMGT,1,1,1,1,1
5nwm_GTWIGEDIFPPLLPPTEQDLTKLLLEGQGESG,1,1,1,1,1
1jm4_SYGRKRRQRC,1,0,1,0,0
2rqu_CIISAMPTKSSRKAKKPAQ,1,0,1,0,0
1ukh_PKRPTTLNLF,1,1,1,1,1
3tz1_GLSPEKKKMLKKLIMQKAAEDLAN,1,1,1,1,1
6h8c_GAMEIIHEDNEWGIELVSE,1,1,1,1,1
1t5z_SEKFKLLFQSY,1,1,1,1,1
1t01_GRPLLQAAKGLAGAVSELLRSAQP,1,1,1,1,1
3dvm_HMGKIYAAMMIMEYYRQSKAKK,1,1,1,1,1
2l1l_GSASGNLNELALKLAGLDINKTEGEEC,1,0,1,0,0
5gtb_VKERVEIPFDSVVAKRDVTYGYG,1,1,1,1,1
5heb_NYKQTSV,1,1,1,1,1
4j8s_RRLPIFNRISVS,1,1,1,1,1
5iay_TGKGKWKRKSAGGGPS,1,0,1,0,0
4rey_SNPCIPFFYRADENDEVKITVI,1,1,1,1,1
5nqf_ISQHATDIGMGPATSCYTSTIPPPKQVCIQQAVKA,1,1,1,1,1
4z8a_IGRRLPPTPSKPSTL,1,1,1,1,1
1uj0_TPMVNRENK,1,1,1,1,1
4kmd_GSYGHLSIGT,1,1,1,1,1
3r42_QVPSDPYN,1,1,1,1,1
3uzd_SPLPNITL,1,0,1,0,0
2kt5_GPLGSVWSRLGARRPSCSPERHGGKVARLQPPPTKAQPAR,1,0,1,0,0
6e5x_FVPVPPPPLYPPP,1,1,1,1,1
5iz9_GGEALAD,1,0,1,0,1
2m41_VFPWHSLVPFLAPSQ,1,1,1,1,1
1dpu_RIQRNKAAALLRLAAR,1,1,1,1,1
4uja_TTYADFIASGRTGRRNAIHD,1,1,1,1,1
1qwe_APPLPPRNRPRL,1,1,1,1,1
2n01_TKPAPDFGGRWKHVNHFDEAPTE,1,1,1,1,1
6qtx_GFGVVPSF,1,1,1,1,1
2hmh_STVESTVVHS,1,1,1,1,1
4o37_KETAAAFERHDS,1,0,1,0,0
3qn7_ACSRYEVDCRGRGSAC,1,1,1,1,1
5yi8_KREHACFENPGLNLEKQFNPYEVVRS,1,1,1,1,1
1shc_HIIENPQFSDA,1,1,1,1,1
2loz_EDHKPGTFPKALTN,1,1,1,1,1
5iz6_AGEALYE,1,1,1,1,1
3ul1_SAVKRPAATKKAGQAKKKKLD,1,1,1,1,1
4qjr_PSLLKKLLLAPA,1,1,1,1,1
4pas_EEEKSRLLEKENRELEKIIAEKEERVSELRHQLQS,1,1,1,1,1
5vmo_ALPPEMVVARELRRIGDEFNRLYC,1,1,1,1,1
1pjm_CGKRSAEGSNPPKPLKKLRG,1,1,1,1,1
5etf_RNPGLKIP,1,1,1,1,1
2kwn_GLGKGGARHRKVLR,1,0,1,0,0
2lpb_STDSTPMFEYENLEDNSKEWTSLFDNDIPVTTDD,1,0,1,0,0
5ajp_TTPSPVPTTSTTSAA,1,0,1,0,0
1i3z_SLTIAQVQK,1,1,1,1,1
2kvm_APRKQLATKAARSAP,1,1,1,1,1
5ajj_DIIRNIARHLAQVGDSMDRSIPPGLVNGL,1,1,1,1,1
5tq1_SSVVPDE,1,1,1,1,1
3dow_DWDFLPP,1,1,1,1,1
1o5c_LKFQCGQKT,1,1,1,1,1
5tdr_ARTQTARKST,1,1,1,1,1
2hsq_AIYEKAKEVSSALSKVLSKIDDT,1,1,1,1,1
1o5b_LKFQCGQK,1,1,1,1,1
2ksp_LESKPYNPFEEEEED,1,1,1,1,1
2ltz_ELESPPPPYSRYPMD,1,1,1,1,1
5zk9_RIIYSRQLLLK,1,1,1,1,1
3ui2_QKAPPGTARRKRK,1,1,1,1,1
4rme_KHKILHRLLQD,1,1,1,1,1
5jeo_EEFELLINS,1,1,1,1,1
4ezz_ELPLVKI,1,0,1,0,0
4rrv_MFRDFDYIA,1,1,1,1,1
5b6c_FRAFSGSGNRL,1,1,1,1,1
4os7_GALGRGCENHRCL,1,1,1,1,1
3bum_TNETEGPT,1,0,1,0,0
4uf1_STMGQVGRQLAIIGDDINRRYD,1,1,1,1,1
3gj6_SWQCDTCLLQNKVTDNKCIACQAAKL,1,1,1,1,1
1avp_GVQSLKRRRCF,1,1,1,1,1
6tyz_ERKRILPTWMLA,1,1,1,1,1
1o9a_STTEVEDSKPKLSIHFDNEWPKED,1,1,1,1,1
4pp3_KHKILHRLLQD,1,1,1,1,1
5xln_PWPEYIYTRLEMYNILKAEHDSILAE,1,1,1,1,1
6qtr_EIRRVPEFGGY,1,1,1,1,1
1t29_ISRSTPTFNKQ,1,0,1,0,0
2kbw_SESQEDIIRNIARHLAQVGDSMDRSIPPGLV,1,1,1,1,1
5klt_FPAKKMKV,1,0,1,0,0
2rvn_ARTKQTARSTGGKAPRY,1,1,1,1,1
4mnw_QCWDRGCENRKCN,1,1,1,1,1
2f31_DETGVMDSLLEALQSGAAFR,1,1,1,1,1
4gxl_NPGLAYGNPYS,1,1,1,1,1
5b75_ARTKQTARKSTGGAPRKQLATKAA,1,1,1,1,1
6dsl_EFEALSGDTMIEILDDDGIIQKISMEDLYQRLA,1,1,1,1,1
2mpm_VETFGTTSDDVGLL,1,0,1,0,0
4xhv_DSKDVKEWYV,1,1,1,1,1
3wp0_LSRVKLKKSLRQSF,1,0,1,0,0
4jk6_ACSRYEVDCRGRSACG,1,1,1,1,1
2k3u_TTPDGHDDKDTLDLNTPVDK,1,0,1,0,0
2pv1_WEYIPNV,1,1,1,1,1
1xh4_TTYADFIASGRTGRRNAIHD,1,1,1,1,1
5v3r_EDDDIKQLAAWAT,1,1,1,1,1
5wuk_MFSSNRQKILERTEILNQEWKQRRIQPV,1,1,1,1,1
4uu5_MWNLMPPPAERLI,1,1,1,1,1
5b78_ARTKQTARKSTGGAPRKQLAT,1,1,1,1,1
5h3j_TRYENITFNCCNHCQGELIAL,1,1,1,1,1
1c5z_LKFQCGQKT,1,1,1,1,1
2jq9_EDQLSRRLAALRN,1,1,1,1,1
1q8w_TTYADFIASGRTGRRNAIHD,1,1,1,1,1
5hfc_NYKQFSV,1,1,1,1,1
3c3q_KEEEDDDMKELENWAGSM,1,1,1,1,1
5v2p_CSPLECDLKGYLDWITQAE,1,1,1,1,1
6gzl_PTKDSYTLTEEL,1,1,1,0,0
5m72_KPLFFDLALNHVAFPPLEDKL,1,1,1,1,1
1ka7_RKSLTIYAQVQK,1,1,1,1,1
2g6q_ARTQTAR,1,1,1,1,1
2mg5_FKEVANAVKISASLM,1,1,1,0,0
1gj8_PPEELKFQCGQKT,1,1,1,1,1
1ddm_GFSNMSFEDFP,1,1,1,1,1
2lnw_EEPVEEVG,1,0,1,0,0
3twu_VARPPPIGAEVP,1,1,1,1,1
3ch5_GFGDKFKPAIGTWDCDTCLVQNKPEAVKCVACETPKP,1,1,1,1,1
4lg6_HTPRLPTLPKRVP,1,1,1,1,1
5ixf_AKPPVVDRSLKPGA,1,1,1,1,1
3uxg_PLYTSPSLPNITLGLP,1,1,1,1,1
6i41_KADTTTP,1,1,1,1,1
5l7h_KSLLQQLLTE,1,1,1,1,1
4tq1_QTAAWRKQIFQQLTERTKRELENFRHYEQAVE,1,1,1,1,1
6j4s_QKSAQQELKQRQRAEIYALNRVMTELEQQQFD,1,1,1,1,1
1azg_PPRPLPVAPGSSKT,1,1,1,1,1
4n5t_LTFEYWAQSAA,1,0,1,0,0
2yq7_WIAQELREIGDKFNAYYA,1,1,1,1,1
3p9h_PETAPPEE,1,1,1,1,1
5fzt_PELDDILYHVKGMQRIVNQWSEK,1,1,1,1,1
4l67_WQSLIEESARRPKPLVDPAC,1,1,1,1,1
3oiq_PLKLQSRKLRYANDVQDLLDDVENSPVVAT,1,1,1,1,1
5epp_SPEEMRRQRLHRFDS,1,1,1,1,1
2yq6_WIAQELRIGDFNAYYA,1,0,1,0,0
1g5j_NLWAAQRYGRELRRMSDEFVDSFKK,1,1,1,1,1
2l6e_ITFDLLYYGKKK,1,1,1,1,1
2las_DNEIEVIIVWEKK,1,1,1,1,0
3m57_SKSKDRKY,1,1,1,1,1
1guw_ARTQTARSTGGKAPGG,1,1,1,1,1
4uj1_TTYADFIASGRTGRRNAIHD,1,1,1,1,1
5hjb_TKQTARS,1,1,1,1,1
3m58_SKSDRKY,1,1,1,0,0
5ybe_PKNKARRRTTTQMELLYAD,1,1,1,1,1
1oai_DSGFSFGSK,1,1,1,1,1
1s5q_RMNIQMLLEAADYLER,1,1,1,1,1
2lsv_ADTEMEEVD,1,1,1,1,1
2rol_PPVPNPDYEPIR,1,1,1,1,0
6erv_TTYADFIASGRTGRRNAI,1,1,1,1,1
2gph_RLQERRGSNVALMLDC,1,1,1,1,1
6n3e_NRWDETP,1,1,1,1,1
2kff_FNYESTNPFTAK,1,1,1,1,1
1gag_PATGDFMNMSPVG,1,1,1,1,1
4nu1_VEPQKFAEELIHRLEAVQR,1,1,1,1,1
2kxw_KRKQEEVSAIVIQRAYRRYLLKQKVKK,1,1,1,1,1
5ky0_NECISNPCQNGATCLDQIGEFQCICMPGYEGVYCEINT,1,1,1,1,1
1g3f_AVPIAQKSE,1,1,1,1,0
2odd_TISNPPPLISSAK,1,1,1,1,1
5two_PSLLKKLLLAP,1,1,1,1,1
4bxu_ASEDELVAEFLQDQN,1,1,1,1,1
2n9e_EDAFIVIDDGE,1,1,1,1,1
3m53_SKSKDRKY,1,1,1,1,1
3uvu_SAKRKEPEPKGSTKKKAKT,1,1,1,1,1
5kxh_DQCASNPCQNGGTCQDHLKSYVCFCLLDFEGRNCEKSK,1,1,1,1,1
4u0a_PVLFPGQPFGQPPL,1,1,1,1,1
2llq_RAANLWPSPLMIKRSKKNS,1,1,1,1,1
4i80_RWFPARP,1,0,1,0,1
3m59_SKSDRKY,1,1,1,0,0
2hug_APPGTARRKRKADS,1,1,1,1,1
6hm4_GVMTVPNP,1,0,1,0,1
2jod_FTDSYSRYRKQMAVKKYLAAVLGKRYKQRVKNK,1,0,1,1,1
3ouw_GDPELCATDEMIPFKLADIKSSLVNESE,1,1,1,0,1
1oqp_KKRELIESKWHRLLFHDKK,1,1,1,1,1
2ltv_SPPPPYSRYPMD,1,1,1,1,1
3ama_TTYADFIASGRTGRRNAIHD,1,1,1,1,1
4h75_ARTQTAR,1,0,1,0,0
2mkr_DLDESWDYIFETT,1,0,1,0,1
5mwp_KSLLQQLLTE,1,1,1,1,1
2koh_MLAELYGSDPQEELII,1,0,1,1,1
5wa1_EDDDIKQLAAWTT,1,1,1,1,1
2kj4_GSVEKLTADAELQRLKNERHEEAELERLKSEY,1,1,1,1,1
1gja_PPEELKFQCGQKT,1,1,1,1,1
2ndg_GGKAPRQLATKA,1,0,1,0,0
5iza_GGEALAW,1,1,1,1,1
1d4t_KSLTIYAQVQK,1,1,1,1,1
2ltx_ELESPPPPYSRYPMD,1,1,1,1,1
3tei_PQLKPIESSILAQRRVR,1,1,1,1,1
5hjc_APRQLATK,1,0,1,0,0
4mnx_LCSDRGCENRWCK,1,1,1,1,1
2fuu_ARTQTARKSTGGKA,1,0,1,0,0
2rnw_ARTKQTARSTGGKA,1,0,1,0,0
5wgg_MKHIKILNGGC,1,1,1,1,1
1wlp_GPLGSKQPPSNPPPRPPAEARKKPS,1,1,1,1,1
6gvl_SNENLLLVHCGPTLINSCISFGS,1,1,1,1,1
6h41_VDECWRIIASHTWFCAEE,1,1,1,1,1
6eru_TTYADFIASGRTGRRSAI,1,1,1,1,1
3v30_TLVSMPPLPGLDLKGS,1,1,1,1,1
3obx_PEATAPPEE,1,1,1,1,1
6ff3_GPETLCGAELVDALQFVCGDRIVDECCFRSCDLRRLEMYC,1,0,1,0,1
1h3h_APSIDRSTKPA,1,1,1,1,1
2gww_NNIYKAAKDVTTSLSKVLKNIN,1,1,1,1,1
1xj7_HKKLLQLLT,1,1,1,1,1
2lty_ELESPPPPYSRYPMD,1,1,1,1,1
5klr_FPAKKRKV,1,0,1,0,0
1pjn_RKKRKTEEESPLKDKAKKSKG,1,1,1,1,1
5zys_LPFELRGHLV,1,1,1,1,1
2k7l_EDDEDDHLIYLEEILVRV,1,1,1,1,1
4jk5_ACSRYEVDCRGRSACG,1,1,1,1,1
6h9n_QEALEERARNELSMTRPGETFYRL,1,1,1,1,1
6nwl_PSLLKKLLLAPA,1,1,1,1,1
5ivn_DRKAAVSHWQ,1,1,1,1,1
1jgn_VVKSNLNPNAKEFVPGVKYGNI,1,1,1,1,1
1cka_PPPALPPKK,1,1,1,1,1
5i25_NPISDFPD,1,1,1,1,1
5hed_KNYKQFSV,1,1,1,1,1
5zml_KKRYSRQLLFRR,1,1,1,1,1
3l6x_DEEGGGEEDQDFDLSQLH,1,1,1,1,1
2xs0_RPSRDHLYLPLE,1,1,1,1,1
5ky4_CTESSCFNGGTCVDGINSFTCLCPPGFTGSYCQYDV,1,0,1,0,0
5cj6_GAFQNLFQSV,1,1,1,1,1
6iua_SGKRKLITSEEERDPAKRGRKS,1,1,1,1,1
5k6s_KKLPIIEDDR,1,1,1,1,0
6j4o_QKSAQQELKQRQRAEIYALNRVTELEQQQFDEFCK,1,1,1,1,1
3kv4_ARTQTARSTGGK,1,0,1,0,0
2ltw_GESPPPPYSRYPMD,1,1,1,1,1
4n7h_EAPPSYAEV,1,1,1,1,1
6bhh_STGGAPRK,1,0,1,0,0
4p6w_ANALLRYLLDKD,1,1,1,1,1
2w0z_APPPRPPKP,1,1,1,1,1
3kj0_GRPEIWYAQELRRIGDEFNAYYAR,1,1,1,1,1
6r8i_SLPFTFKVPAPPPSLPP,1,1,1,0,1
2l12_ARTKQTARSTGGKA,1,1,1,1,1
6f0y_LAITMLKPRKKAKAL,1,1,1,1,1
1c5x_LKFQCGQKT,1,1,1,1,1
2kc8_KQTLLSDEDAELVEIVKERLRNPKPVRVTLDEL,1,1,1,1,1
5h9b_QATLARQDTIDEGGEVD,1,1,1,1,1
2kwk_ARTKQTARKSTGGKAPRKQL,1,1,1,1,1
4k4j_KHKILHRLLQD,1,1,1,1,1
4os1_GALGRGCENHRCL,1,1,1,1,1
2voh_PNSILGQVGRQLALIGDDINRRYD,1,1,1,1,1
1f47_KEPDYLDIPAFLRKQAD,1,1,1,1,1
1gi9_LKFQCGQKT,1,1,1,1,1
2k8f_MEEPQSDPSVEPPLSQETFSDLWKLLPENNVLSPLPSQA,1,0,1,0,0
1yvh_RAVENQSF,1,0,1,0,0
2jk9_NELNNNLP,1,1,1,1,1
1gj7_LKFQCGQKTL,1,1,1,1,1
1rtf_TCGLRQYS,1,1,1,1,1
3o1e_KHKILHRLLQ,1,1,1,1,1
5lvf_PSYSPSPSYSPTSPS,1,0,1,0,0
1aze_VPPPVPPRRR,1,1,1,1,1
2xpx_STMGQVGRQLAIIGDDINRRYDS,1,1,1,1,1
1szd_KGGARHR,1,1,1,1,1
2q8y_QYFMEVA,1,0,1,0,0
2hqw_KKKATFRAITSTLASSFKRRRS,1,1,1,1,1
5xco_RRRRCPLYISYDPVCRRRR,1,1,1,1,1
2vog_RAEVQIARKLQCIADQFHRLHT,1,1,1,1,1
5ei3_KKRYDREFLLGFQF,1,1,1,1,1
2lqc_GTGAALSWQAAIDAARQAKLMGSA,1,1,1,1,1
1j80_KETAAAKFERQHMDS,1,1,1,1,1
5k8q_SNAKRARAHWQLLYTLVNNPSLVGSR,1,1,1,1,1
2wh6_DMRPEIWIAQELRRIGDEFNAY,1,1,1,1,1
6ggg_QQKSLLQQLLTE,1,1,1,1,1
4k0u_RTFRQVQSSISDFYD,1,1,1,1,1
1ta6_DFEEIPEALA,1,1,1,1,1
1syq_PLLQAAKGLAGAVSELLRSAQPASA,1,1,1,1,1
6e3j_RRVVQIAAGLRRAGDQLEKYG,1,1,1,1,1
1iwq_KKRFSFKKSFKLSGFSFK,1,1,1,0,0
2mwo_RAHSSHLSKKGQST,1,0,1,0,0
2m04_EEQWAREIGAQLRRMADDLNAQYER,1,1,1,1,1
2kqs_KTSVATQCDPEEIIVLSDSD,1,0,1,0,0
6gbe_MFRDFDYIADWC,1,0,1,0,0
5hff_KNYKQFSV,1,1,1,1,1
2lyw_LYENKPRRPYIL,1,0,1,0,0
4u2w_GCWTKSIPPRPCFVK,1,1,1,1,1
2oi3_HSKYPLPPLPSL,1,1,1,1,1
1nq7_HKILHRLLQE,1,1,1,1,1
3asl_ARTKQTARK,1,1,1,1,1
4x3h_RIPSYRYRY,1,1,1,1,1
4k6i_KHKILHRLLQD,1,1,1,1,1
3i5r_KRPLPPLPS,1,1,1,1,1
4dzv_TWEWDAIAYARIELIAAQQQKNE,1,0,1,0,0
4os2_GLGRGCENHRCL,1,1,1,1,1
2ll6_LKVLVKAVLFACMLMRK,1,1,1,1,1
5me5_KKYSRDFLLKFAEQFLDLPHNFEVTSDIESLMSTHTN,1,1,1,1,1
1gi8_LKFQCGQKT,1,1,1,1,1
1gjc_LKFQCGQKT,1,1,1,1,1
4nxr_NKDKEYYV,1,1,1,1,1
1t63_KENALLRYLLDKDD,1,1,1,1,1
3bu6_YNPYPEDGDIEIG,1,1,1,1,1
5glh_CSCSSLMDKECVYFCHLDIIW,1,1,1,1,1
2xrw_RPSRDHLYLPLE,1,1,1,1,1
2mnz_ARTKQTARKS,1,1,1,1,1
6k5t_DTAGCIVIDE,1,1,1,1,1
1rkc_YTKKELIESARKVSEKVSHVLAALQA,1,1,1,1,1
1sb0_KEKRIKELELLLMSTENELKGQQAL,1,1,1,1,1
4lzx_GPLGSQDLLELKSVIKLQAWWRGTMIRREIGGFKMPK,1,1,1,1,1
3ajb_DRELEELLESALDDFDKAKPSPAPPS,1,1,1,1,1
5uul_QWAREIGAQLRRMADDLNAQYER,1,1,1,1,1
4dzu_RTWEEWDRAIAEYARRIEELIRAAQEQQRKNEEALREL,1,1,1,1,1
2mwy_SQETFSDLWKLLPEN,1,1,1,1,1
2djy_GPLGSELESPPPPYSRYPMD,1,1,1,1,1
2nwn_CSWRGLENHRMC,1,1,1,1,1
5awu_YDPFKGSDPFA,1,1,1,1,1
5mwy_KSLLQQLLTE,1,1,1,1,1
5svz_GRKKRRQR,1,0,1,0,1
2joa_DSRIWWV,1,1,1,1,1
5o90_RVYPVSVPYSSVTLSLVMP,1,0,1,0,0
4ktu_ISTRKYPSDWEE,1,1,1,1,1
4uj9_TTYADFIASGRTGRRNAIHD,1,1,1,1,1
2lct_DTEVESPADPE,1,0,1,0,0
1pd7_VRMNIQMLLEAADYLERREREAEH,1,1,1,1,1
4odn_FIFGARNKVHIY,1,0,1,0,0
3ro2_FYMGTCQDEPEQLDDWNRIAEL,1,1,1,1,1
5lz6_SERTFETAPSEIDADEVLEILSKSKPAPTHL,1,1,1,1,1
3amb_TTYADFIASGRTGRRNAIHD,1,1,1,1,1
1lb6_KQEPQEIDF,1,1,1,1,1
2lgf_AFIIWLARRLKKGKK,1,0,1,0,0
3sjh_PKVAENLKSQLEGFNQDKLKKT,1,1,1,1,1
6bgg_KVAPLKIKLGGF,1,1,1,1,1
2oei_PPPPPPLPP,1,1,1,1,1
5z2w_NGGQEALEERARNELSMTRPGETFYRLVPDASKRA,1,1,1,1,1
5vko_GVPYSNESGLVNADLDVKDELMFPLVDSG,1,1,1,1,1
5gow_YVGEDDEEDDDFNENDEDD,1,0,1,0,0
2w85_SQEKFFQELFDS,1,1,1,1,1
